0 0.151821 0.655456 0.301670 0.684844
0 0.445757 0.588789 0.347119 0.539401
0 0.726060 0.532220 0.144092 0.406055
0 0.813184 0.465560 0.130449 0.252526
0 0.910225 0.543333 0.124238 0.234349
0 0.985542 0.488451 0.028916 0.265391
0 0.348535 0.352839 0.024551 0.033906
0 0.613774 0.351081 0.020166 0.023385
0 0.658936 0.374460 0.026309 0.037409
0 0.668140 0.346992 0.020166 0.019870
0 0.700146 0.365104 0.026309 0.032734
0 0.724258 0.362773 0.018418 0.023385
0 0.823340 0.366862 0.025430 0.031563
0 0.872881 0.365111 0.024551 0.023372
0 0.908389 0.366276 0.027188 0.023385
